431960
413150
252490
3419430
294100
1366800
322330
1281930
105600
227300
322170
346110
4000
250900
108600
526870
513710
2763740
1325860
304930
427520
1049590
646570
1454400
457140
1920960
892970
1283970
1476970
244210
252950
291550
2379780
700330
739630
648800
275850
376210
367520
714010
2709570
1735700
233860
431730
1868140
3037410
1203620
1267910
2427700
242760
1366540
1568590
1118200
379430
1260320
48700
632360
1066780
1812620
412290
262060
1040200
2250040
2325290
1145350
3590
412220
992300
588650
728880
877280
1145360
1147690
2670630
286160
1190970
264710
644930
244850
1794680
1891700
2622000
1527950
568220
627690
613100
219740
1062520
686810
391540
881100
1167630
2742830
3101040
1787090
824270
1677740
2016460
1943950
305620
977950
220200
1190000
899770
1009850
1206560
1189490
1881610
1535560
3769130
363970
516750
268910
786520
1256670
1128810
1013320
1645820
3224420
361420
3358250
508440
504230
1119730
1084600
1290000
477160
2407270
860510
581320
387990
632470
1948980
1217060
438040
2445690
3543040
3672720
466170
1569580
972660
1353300
704850
1158160
799600
2404880
3413340
774171
1468260
1147560
656350
3285500
3399960
1097430
2201320
2551020
838350
1029780
282070
1399720
433340
1397920
2071280
833360
312520
362890
666140
2962810
880940
690830
1210320
1669980
1127400
2103140
3097560
586350
211820
1211020
3511030
719890
2835570
311690
2273430
2989820
444940
1324780
515570
233450
597170
707010
2776450
212680
670290
753640
1296830
535930
774361
640380
200210
1239020
636480
459820
2737070
603850
2289450
599140
1057090
2079120
848450
3330
2201940
756800
335240
1022450
3187030
1877960
493490
280680
2666510
625960
1418630
1682970
3747250
955900
769560
3437170
2103530
246620
3078390
992070
224260
1948800
1097150
736190
2538150
410340
248390
784950
1721470
2454960
610080
1139980
1465470
1313290
1809540
1536610
1222700
3213850
2198150
1150690
611150
1318690
1243830
527230
1016920
2386720
410900
3339420
331470
629760
1274570
2977660
3404470
1227890
3282390
1282730
1239080
269210
1127500
1562430
1812820
3247750
843380
373420
3372980
329000
223710
293760
1593350
1197260
2617700
1649080
1017180
3464460
2239150
671860
1634680
897330
337320
242920
1188930
1488200
868360
1948280
285920
414700
1332010
1106840
620980
705210
698780
1169040
1332720
1276390
1455840
3534830
2026000
2244130
2916430
424840
3696100
451340
758190
431240
1435790
1296610
1557740
2849080
1286220
502520
332950
1442430
1473350
230290
274170
751780
392110
2163330
2138710
858810
1278540
3402530
629730
3107230
883860
1782120
1977530
1937500
397900
3249650
641990
371970
2873080
274190
919640
1606180
2273980
588030
1104280
238320
512900
3146520
1911610
1307550
2353250
3800340
674940
1266630
1149620
239030
361280
2767520
291650
777130
2429860
1478220
460950
200710
313120
285900
1525700
387290
2658510
1270580
228380
590380
3028310
2181940
3483740
736220
3376250
871720
240720
891040
1865780
3591550
1280770
113200
2981670
475550
3634900
319630
418530
1859910
946050
2239140
1279510
585690
858820
979110
1746030
1369320
1990740
813230
3109580
1827980
2402710
683320
16900
1288310
1369630
407130
1160750
647960
246420
648100
402840
1433140
1220010
823130
1509960
326460
458710
747660
3369070
429050
1011510
1253920
527430
2216130
1694420
1649730
219150
1215390
2231450
1182020
736260
2816950
692890
2370570
3411730
1605220
814370
1009560
846770
621060
986130
980610
1592190
418030
1241100
289130
261570
2361680
1017100
541570
385770
418240
837470
1509510
2988300
1245560
736590
536270
861650
1002300
1894430
679900
2738490
571740
1404850
2994020
909080
1556790
3191030
3102400
2217000
1925560
3150440
246900
306020
1870300
610370
3343160
1244090
2683150
444640
761830
599390
2772560
582500
990630
2459550
247080
1931770
11020
1113120
302670
2696050
3640000
3710390
403190
1178490
1135690
2787320
222880
1126320
2088570
2525310
690640
287980
252610
3066060
871540
885570
48720
482920
1140150
1216710
1922740
1991040
239820
3472550
3431040
383980
3449850
1225570
2943670
692850
981600
343780
207140
2005010
304430
1696440
274920
2820820
1388880
366090
757320
933820
552620
1089980
1280930
1147860
292000
1070330
1608450
303390
1562700
450540
314650
280220
2864890
3689520
816340
2460140
2121980
602320
282800
274520
1094520
2501600
341940
2396240
2368930
2899050
2654540
1265820
2226700
2704110
2421410
394690
3059070
386070
448510
300380
3238670
758690
770810
253230
2068280
1658040
262410
755800
3288300
1929610
210970
2961880
688470
666150
362620
3498270
1129190
1164940
238460
1063420
2275490
1292690
555570
1619750
2890830
319510
908520
998940
738060
985890
1350650
1343670
252410
3103780
531510
1458100
1280780
720620
342940
965580
644560
1286580
324810
3174480
747200
555160
1161770
1534980
2190220
375950
763890
962730
375480
2291760
259680
2713690
2093940
3036010
3496000
991780
553420
744190
1059990
290080
1482860
283000
1724190
2289650
1292940
1371630
1084020
341800
276810
1822550
895870
858210
314000
894020
2073250
1148150
1718870
942970
1602000
253250
427730
3714190
2513240
2423620
1407450
1563180
368340
250520
420530
1114940
367450
2289720
1915510
2703850
3141720
913550
48000
1189630
2656540
1754720
383870
761620
3399950
2200780
384300
979120
612020
1088790
324080
1361510
1763250
1958220
2695940
3184110
1061090
1533420
108200
558990
764790
391730
257510
673880
1793250
1179680
1231560
2871440
257420
859570
1106530
2627540
623550
1123830
1614550
424030
653530
1070820
1369470
572890
1239320
2302990
448280
677620
366220
22100
1134700
2617400
614910
334920
1712830
1223750
1034140
682990
559650
2232880
1003590
362680
1424330
445980
571310
296490
532110
2994430
1250790
3645890
1949740
2754380
753420
2972990
242680
1289310
351030
3069470
2825530
40700
3204020
265930
564710
1177980
1727650
456750
1875060
936500
206440
994730
404410
1993150
1737690
1353230
1801110
1102930
41070
3315330
734750
1434950
2868860
1955830
2381620
809230
589590
339800
1740720
283640
829660
970830
914620
1830970
591740
3472810
3096620
918570
434170
1372810
1115690
777390
688130
939400
1594940
861540
865360
1191330
973230
1229240
1737870
2719940
372800
1761380
1349540
3433810
504210
1401730
282140
1062160
2853160
290730
1123770
423580
1110910
612470
1732180
2231300
1232580
2756920
204340
607260
636150
247000
1954200
1990110
423230
977880
298630
513000
1049800
2193540
684410
3084280
979690
383080
1501610
242640
3259470
1289810
496750
1750770
2224640
1786790
1858650
1275890
550320
1785150
2291680
2106670
1649950
3359320
541210
2674590
2962480
1043810
496460
503560
1547890
2821890
537800
1755830
35720
1988550
443810
677120
3553210
2281410
446020
954850
99900
1159690
334230
467960
2644610
505230
1308700
2294730
248570
2207490
3274300
981430
1281800
2303350
893850
501300
249050
393420
435120
528230
622650
432350
758870
313340
894060
2098790
1196310
2841770
4920
953490
40800
245170
774181
860890
283020
1286880
2865580
3011560
1874490
1227530
239350
2262080
1389990
1463920
952040
641780
368230
930210
638230
2195120
3126150
609320
3069120
2649970
1608290
3269960
674500
1216320
400910
2119270
259530
3422550
2454570
312530
1123050
1745510
1196630
1606340
1067850
3173560
2738380
2218400
1455660
512470
1980530
589870
416450
57300
1016800
332800
1910680
223830
870200
568320
1410710
288160
458030
466130
1272160
1814010
892420
3008200
424370
2340650
738520
359840
362490
2499520
1166290
597820
320240
686200
2780710
699170
2475490
522470
1915380
3411020
1608230
2296990
414340
807120
251730
785740
3490390
1601330
305390
951240
3580580
1895860
564310
1807080
1831250
365450
1276790
823500
2235240